GrRd=[2,121,1;
4,122,1;
6,123,1;
8,124,1;
10,125,1;
12,126,1;
14,127,1;
16,129,1;
17,130,1;
19,131,1;
21,132,1;
23,133,1;
25,134,1;
27,135,1;
29,136,1;
31,137,1;
33,139,1;
35,140,1;
37,141,1;
39,142,1;
41,143,1;
43,144,1;
45,145,0;
47,146,0;
48,147,0;
50,148,0;
52,150,0;
54,151,0;
56,152,0;
58,153,0;
60,154,0;
62,155,0;
64,156,0;
66,157,0;
68,158,0;
70,159,0;
72,161,0;
74,162,0;
76,163,0;
78,164,0;
80,165,0;
81,166,0;
83,167,0;
85,168,0;
87,169,0;
89,171,0;
91,172,0;
93,173,0;
95,174,0;
97,175,0;
99,176,0;
101,177,0;
103,178,0;
105,179,0;
107,180,0;
109,182,0;
111,183,0;
112,184,0;
114,185,0;
116,186,0;
118,187,0;
120,188,0;
122,189,0;
124,190,1;
126,191,5;
128,192,9;
129,192,13;
131,193,17;
133,194,21;
135,195,25;
136,195,29;
138,196,33;
140,197,37;
142,197,41;
143,198,45;
145,199,49;
147,200,53;
149,200,57;
150,201,61;
152,202,65;
154,202,69;
156,203,73;
157,204,77;
159,205,81;
161,205,85;
163,206,89;
165,207,93;
166,207,97;
168,208,101;
170,209,105;
172,210,109;
173,210,113;
175,211,117;
177,212,121;
179,212,125;
180,213,129;
182,214,133;
184,215,137;
186,215,141;
187,216,145;
189,217,149;
191,217,153;
193,218,157;
194,219,161;
196,220,165;
198,220,169;
200,221,173;
201,222,177;
203,222,181;
205,223,185;
207,224,189;
208,225,193;
210,225,197;
212,226,201;
214,227,205;
215,227,209;
217,228,213;
219,229,217;
221,230,221;
223,230,225;
224,231,229;
226,232,233;
228,232,237;
230,233,241;
231,234,245;
233,235,249;
235,235,253;
235,234,253;
234,230,249;
233,226,245;
232,223,241;
231,219,237;
230,215,233;
229,212,229;
228,208,225;
227,204,221;
226,201,217;
225,197,213;
224,193,209;
223,189,205;
222,186,201;
221,182,197;
220,178,193;
219,175,189;
219,171,185;
218,167,181;
217,164,177;
216,160,173;
215,156,169;
214,153,165;
213,149,161;
212,145,157;
211,141,153;
210,138,149;
209,134,145;
208,130,141;
207,127,137;
206,123,133;
205,119,129;
204,116,125;
203,112,121;
202,108,117;
201,104,113;
200,101,109;
199,97,105;
198,93,101;
197,90,97;
196,86,93;
195,82,89;
194,79,85;
193,75,81;
192,71,77;
191,67,73;
190,64,69;
189,60,65;
188,56,61;
187,53,57;
186,49,53;
185,45,49;
184,42,45;
183,38,41;
182,34,37;
181,31,33;
180,27,29;
179,23,25;
178,19,21;
177,16,17;
176,12,13;
175,8,9;
174,5,5;
173,1,1;
172,0,0;
171,0,0;
169,0,0;
168,0,0;
166,0,0;
165,0,0;
164,0,0;
162,0,0;
161,0,0;
159,0,0;
158,0,0;
156,0,0;
155,0,0;
154,0,0;
152,0,0;
151,0,0;
149,0,0;
148,0,0;
147,0,0;
145,0,0;
144,0,0;
142,0,0;
141,0,0;
139,0,0;
138,0,0;
137,0,0;
135,0,0;
134,0,0;
132,0,0;
131,0,0;
129,0,0;
128,0,0;
127,0,0;
125,0,0;
124,0,0;
122,0,0;
121,0,0;
120,0,0;
118,0,0;
117,0,0;
115,0,0;
114,0,0;
112,0,0;
111,0,0;
110,0,0;
108,0,0;
107,0,0;
105,0,0;
104,0,0;
103,0,0;
101,0,0;
100,0,0;
98,0,0;
97,0,0;
95,0,0;
94,0,0;
93,0,0;
91,0,0;
90,0,0;
88,0,0;
87,0,0;
86,0,0;
84,0,0;
83,0,0]

GrRd=...
[0,66,1;
0,68,1;
0,70,1;
0,72,1;
0,74,1;
0,76,1;
0,78,1;
0,80,1;
0,82,1;
0,84,1;
0,86,1;
0,88,1;
0,90,1;
0,92,1;
0,94,1;
0,96,1;
0,98,1;
0,100,1;
0,102,1;
0,104,1;
0,106,1;
0,108,1;
0,110,1;
0,112,0;
0,114,0;
0,116,0;
0,118,0;
0,119,0;
0,121,0;
0,123,0;
0,125,0;
0,127,0;
0,129,0;
0,131,0;
0,133,0;
0,135,0;
0,137,0;
0,139,0;
0,141,0;
0,143,0;
0,145,0;
0,147,0;
0,149,0;
0,151,0;
0,153,0;
0,155,0;
0,157,0;
0,159,0;
0,161,0;
0,163,0;
0,165,0;
0,167,0;
0,169,0;
0,171,0;
0,172,0;
0,174,0;
0,176,0;
0,178,0;
0,180,0;
0,182,0;
0,184,0;
0,186,0;
0,188,0;
0,190,0;
1,192,1;
5,193,5;
9,193,9;
12,194,12;
16,195,16;
20,196,20;
24,196,24;
27,197,27;
31,198,31;
35,199,35;
39,200,39;
43,200,43;
46,201,46;
50,202,50;
54,203,54;
58,203,58;
61,204,61;
65,205,65;
69,206,69;
73,207,73;
77,207,77;
80,208,80;
84,209,84;
88,210,88;
92,210,92;
95,211,95;
99,212,99;
103,213,103;
107,214,107;
111,214,111;
114,215,114;
118,216,118;
122,217,122;
126,217,126;
130,218,130;
133,219,133;
137,220,137;
141,221,141;
145,221,145;
148,222,148;
152,223,152;
156,224,156;
160,224,160;
164,225,164;
167,226,167;
171,227,171;
175,228,175;
179,228,179;
182,229,182;
186,230,186;
190,231,190;
194,231,194;
198,232,198;
201,233,201;
205,234,205;
209,234,209;
213,235,213;
217,236,217;
220,237,220;
224,238,224;
228,238,228;
232,239,232;
235,240,235;
239,241,239;
241,239,239;
240,235,235;
239,232,232;
238,228,228;
238,224,224;
237,220,220;
236,217,217;
235,213,213;
234,209,209;
234,205,205;
233,201,201;
232,198,198;
231,194,194;
231,190,190;
230,186,186;
229,182,182;
228,179,179;
228,175,175;
227,171,171;
226,167,167;
225,164,164;
224,160,160;
224,156,156;
223,152,152;
222,148,148;
221,145,145;
221,141,141;
220,137,137;
219,133,133;
218,130,130;
217,126,126;
217,122,122;
216,118,118;
215,114,114;
214,111,111;
214,107,107;
213,103,103;
212,99,99;
211,95,95;
210,92,92;
210,88,88;
209,84,84;
208,80,80;
207,77,77;
207,73,73;
206,69,69;
205,65,65;
204,61,61;
203,58,58;
203,54,54;
202,50,50;
201,46,46;
200,43,43;
200,39,39;
199,35,35;
198,31,31;
197,27,27;
196,24,24;
196,20,20;
195,16,16;
194,12,12;
193,9,9;
193,5,5;
192,1,1;
190,0,0;
188,0,0;
186,0,0;
184,0,0;
183,0,0;
181,0,0;
179,0,0;
177,0,0;
175,0,0;
173,0,0;
171,0,0;
169,0,0;
167,0,0;
165,0,0;
163,0,0;
161,0,0;
160,0,0;
158,0,0;
156,0,0;
154,0,0;
152,0,0;
150,0,0;
148,0,0;
146,0,0;
144,0,0;
142,0,0;
140,0,0;
138,0,0;
137,0,0;
135,0,0;
133,0,0;
131,0,0;
129,0,0;
127,0,0;
125,0,0;
123,0,0;
121,0,0;
119,0,0;
117,0,0;
116,0,0;
114,0,0;
112,0,0;
110,0,0;
108,0,0;
106,0,0;
104,0,0;
102,0,0;
100,0,0;
98,0,0;
96,0,0;
94,0,0;
93,0,0;
91,0,0;
89,0,0;
87,0,0;
85,0,0;
83,0,0;
81,0,0;
79,0,0;
77,0,0;
75,0,0;
73,0,0;
71,0,0;
70,0,0]